145 -0
146 -0
147 -0
148 -0
149 -0
150 -0
151 -0
152 -0
153 -0
154 -0
154 -1
155 -0
155 -1
155 -2
155 -3
155 -4
155 -5
156 -0
200 -0
200 -1
201 -0
202 -0
203 -0
204 -0
204 -1
204 -2
204 -3
204 -4
204 -5
205 -0
205 -1
205 -2
205 -3
205 -4
205 -5
206 -0
207 -0
207 -1
207 -2
207 -3
207 -4
207 -5
208 -0
208 -1
208 -2
208 -3
208 -4
208 -5
208 -6
222 -0
223 -0
223 -1
223 -2
223 -3
223 -4
223 -5
223 -6
223 -7
223 -8
223 -9
223 -10
223 -11
223 -12
223 -13
223 -14
223 -15
224 -0
224 -1
224 -2
224 -3
224 -4
224 -5
224 -6
224 -7
224 -8
224 -9
224 -10
224 -11
224 -12
224 -13
224 -14
224 -15
225 -0
225 -1
225 -2
225 -3
225 -4
225 -5
225 -6
225 -7
225 -8
225 -9
225 -10
225 -11
225 -12
225 -13
225 -14
225 -15
226 -0
226 -1
226 -2
226 -3
226 -4
226 -5
226 -6
226 -7
226 -8
226 -9
226 -10
226 -11
226 -12
226 -13
226 -14
226 -15
227 -0
227 -1
227 -2
227 -3
227 -4
227 -5
227 -6
227 -7
227 -8
227 -9
227 -10
227 -11
227 -12
227 -13
227 -14
228 -0
228 -1
228 -2
228 -3
228 -4
228 -5
228 -6
228 -7
228 -8
228 -9
228 -10
228 -11
228 -12
228 -13
228 -14
228 -15
229 -0
229 -1
229 -2
229 -3
229 -4
229 -5
229 -6
229 -7
229 -8
229 -9
229 -10
229 -11
229 -12
229 -13
229 -14
229 -15
230 -0
230 -1
230 -2
230 -3
230 -4
230 -5
230 -6
230 -7
230 -8
230 -9
230 -10
230 -11
230 -12
230 -13
230 -14
230 -15
231 -0
231 -1
231 -2
231 -3
231 -4
231 -5
231 -6
231 -7
231 -8
231 -9
231 -10
231 -11
231 -12
231 -13
231 -14
231 -15
232 -0
232 -1
232 -2
232 -3
232 -4
232 -5
232 -6
232 -7
232 -8
232 -9
232 -10
232 -11
232 -12
232 -13
232 -14
232 -15
233 -0
233 -1
233 -2
233 -3
233 -4
233 -5
233 -6
233 -7
233 -8
233 -9
233 -10
233 -11
233 -12
233 -13
233 -14
233 -15
234 -0
234 -1
234 -2
234 -3
234 -4
234 -5
234 -6
234 -7
234 -8
234 -9
234 -10
234 -11
234 -12
234 -13
234 -14
234 -15
235 -0
235 -1
235 -2
235 -3
235 -4
235 -5
235 -6
235 -7
235 -8
235 -9
235 -10
235 -11
235 -12
235 -13
235 -14
235 -15
236 -0
236 -1
236 -2
236 -3
236 -4
236 -5
236 -6
236 -7
236 -8
236 -9
236 -10
236 -11
236 -12
236 -13
236 -14
236 -15
237 -0
237 -1
237 -2
237 -3
237 -4
237 -5
237 -6
237 -7
237 -8
237 -9
237 -10
237 -11
237 -12
237 -13
237 -14
237 -15
238 -0
238 -1
238 -2
238 -3
238 -4
238 -5
238 -6
238 -7
238 -8
238 -9
238 -10
238 -11
238 -12
238 -13
238 -14
238 -15
239 -0
239 -1
239 -2
239 -3
239 -4
239 -5
239 -6
239 -7
239 -8
239 -9
239 -10
239 -11
239 -12
239 -13
239 -14
239 -15
240 -0
240 -1
240 -2
240 -3
240 -4
240 -5
240 -6
240 -7
240 -8
240 -9
240 -10
240 -11
240 -12
240 -13
240 -14
240 -15
241 -0
241 -1
241 -2
241 -3
241 -4
241 -5
241 -6
241 -7
241 -8
241 -9
241 -10
241 -11
241 -12
241 -13
241 -14
241 -15
242 -0
242 -1
242 -2
242 -3
242 -4
242 -5
242 -6
242 -7
242 -8
242 -9
242 -10
242 -11
242 -12
242 -13
242 -14
242 -15
243 -0
243 -1
243 -2
243 -3
243 -4
243 -5
243 -6
243 -7
243 -8
243 -9
243 -10
243 -11
243 -12
243 -13
243 -14
243 -15
244 -0
244 -1
244 -2
244 -3
244 -4
244 -5
244 -6
244 -7
244 -8
244 -9
244 -10
244 -11
244 -12
244 -13
244 -14
244 -15
245 -0
245 -1
245 -2
245 -3
245 -4
245 -5
245 -6
245 -7
245 -8
245 -9
245 -10
245 -11
245 -12
245 -13
245 -14
245 -15
246 -0
246 -1
246 -2
246 -3
246 -4
246 -5
246 -6
246 -7
246 -8
246 -9
246 -10
246 -11
246 -12
246 -13
246 -14
246 -15
247 -0
247 -1
247 -2
247 -3
247 -4
247 -5
247 -6
247 -7
247 -8
247 -9
247 -10
247 -11
247 -12
247 -13
247 -14
247 -15
248 -0
248 -1
248 -2
248 -3
248 -4
248 -5
248 -6
248 -7
248 -8
248 -9
248 -10
248 -11
248 -12
248 -13
248 -14
248 -15
249 -0
249 -1
249 -2
249 -3
249 -4
249 -5
249 -6
249 -7
249 -8
249 -9
249 -10
249 -11
249 -12
249 -13
249 -14
249 -15
250 -0
250 -1
250 -2
250 -3
250 -4
250 -5
250 -6
250 -7
250 -8
250 -9
250 -10
250 -11
250 -12
250 -13
250 -14
250 -15
251 -0
251 -1
251 -2
251 -3
251 -4
251 -5
251 -6
251 -7
251 -8
251 -9
251 -10
251 -11
251 -12
251 -13
251 -14
251 -15
252 -0
252 -1
252 -2
252 -3
252 -4
252 -5
252 -6
252 -7
252 -8
252 -9
252 -10
252 -11
252 -12
252 -13
252 -14
252 -15
253 -0
253 -1
253 -2
253 -3
253 -4
253 -5
253 -6
253 -7
253 -8
253 -9
253 -10
253 -11
253 -12
253 -13
253 -14
253 -15
254 -0
254 -1
254 -2
254 -3
254 -4
254 -5
254 -6
254 -7
254 -8
254 -9
254 -10
254 -11
254 -12
254 -13
254 -14
254 -15
255 -0
255 -1
255 -2
255 -3
255 -4
255 -5
255 -6
255 -7
255 -8
255 -9
255 -10
255 -11
255 -12
255 -13
255 -14
255 -15
256 -0
256 -1
256 -2
256 -3
256 -4
256 -5
256 -6
256 -7
256 -8
256 -9
256 -10
256 -11
256 -12
256 -13
256 -14
256 -15
257 -0
257 -1
257 -2
257 -3
257 -4
257 -5
257 -6
257 -7
257 -8
257 -9
257 -10
257 -11
257 -12
257 -13
257 -14
257 -15
258 -0
258 -1
258 -2
258 -3
258 -4
258 -5
258 -6
258 -7
258 -8
258 -9
258 -10
258 -11
258 -12
258 -13
258 -14
258 -15
259 -0
259 -1
259 -2
259 -3
259 -4
259 -5
259 -6
259 -7
259 -8
259 -9
259 -10
259 -11
259 -12
259 -13
259 -14
259 -15
260 -0
260 -1
260 -2
260 -3
260 -4
260 -5
260 -6
260 -7
260 -8
260 -9
260 -10
260 -11
260 -12
260 -13
260 -14
260 -15
261 -0
261 -1
261 -2
261 -3
261 -4
261 -5
261 -6
261 -7
261 -8
261 -9
261 -10
261 -11
261 -12
261 -13
261 -14
261 -15
262 -0
262 -1
262 -2
262 -3
262 -4
262 -5
262 -6
262 -7
262 -8
262 -9
262 -10
262 -11
262 -12
262 -13
262 -14
262 -15
263 -0
263 -1
263 -2
263 -3
263 -4
263 -5
263 -6
263 -7
263 -8
263 -9
263 -10
263 -11
263 -12
263 -13
263 -14
263 -15
264 -0
264 -1
264 -2
264 -3
264 -4
264 -5
264 -6
264 -7
264 -8
264 -9
264 -10
264 -11
264 -12
264 -13
264 -14
264 -15
265 -0
265 -1
265 -2
265 -3
265 -4
265 -5
265 -6
265 -7
265 -8
265 -9
265 -10
265 -11
265 -12
265 -13
265 -14
265 -15
266 -0
266 -1
266 -2
266 -3
266 -4
266 -5
266 -6
266 -7
266 -8
266 -9
266 -10
266 -11
266 -12
266 -13
266 -14
266 -15
267 -0
267 -1
267 -2
267 -3
267 -4
267 -5
267 -6
267 -7
267 -8
267 -9
267 -10
267 -11
267 -12
267 -13
267 -14
267 -15
268 -0
268 -1
268 -2
268 -3
268 -4
268 -5
268 -6
268 -7
268 -8
268 -9
268 -10
268 -11
268 -12
268 -13
268 -14
268 -15
269 -0
269 -1
269 -2
269 -3
269 -4
269 -5
269 -6
269 -7
269 -8
269 -9
269 -10
269 -11
269 -12
269 -13
269 -14
269 -15
270 -0
270 -1
270 -2
270 -3
270 -4
270 -5
270 -6
270 -7
270 -8
270 -9
270 -10
270 -11
270 -12
270 -13
270 -14
270 -15
271 -0
271 -1
271 -2
271 -3
271 -4
271 -5
271 -6
271 -7
271 -8
271 -9
271 -10
271 -11
271 -12
271 -13
271 -14
271 -15
272 -0
272 -1
272 -2
272 -3
272 -4
272 -5
272 -6
272 -7
272 -8
272 -9
272 -10
272 -11
272 -12
272 -13
272 -14
272 -15
273 -0
273 -1
273 -2
273 -3
273 -4
273 -5
273 -6
273 -7
273 -8
273 -9
273 -10
273 -11
273 -12
273 -13
273 -14
273 -15
274 -0
274 -1
274 -2
274 -3
274 -4
274 -5
274 -6
274 -7
274 -8
274 -9
274 -10
274 -11
274 -12
274 -13
274 -14
274 -15
275 -0
275 -1
275 -2
275 -3
275 -4
275 -5
275 -6
275 -7
275 -8
275 -9
275 -10
275 -11
275 -12
275 -13
275 -14
275 -15
276 -0
276 -1
276 -2
276 -3
276 -4
276 -5
276 -6
276 -7
276 -8
276 -9
276 -10
276 -11
276 -12
276 -13
276 -14
276 -15
277 -0
277 -1
277 -2
277 -3
277 -4
277 -5
277 -6
277 -7
277 -8
277 -9
277 -10
277 -11
277 -12
277 -13
277 -14
277 -15
278 -0
278 -1
278 -2
278 -3
278 -4
278 -5
278 -6
278 -7
278 -8
278 -9
278 -10
278 -11
278 -12
278 -13
278 -14
278 -15
279 -0
279 -1
279 -2
279 -3
279 -4
279 -5
279 -6
279 -7
279 -8
279 -9
279 -10
279 -11
279 -12
279 -13
279 -14
279 -15
280 -0
280 -1
280 -2
280 -3
280 -4
280 -5
280 -6
280 -7
280 -8
280 -9
280 -10
280 -11
280 -12
280 -13
280 -14
280 -15
281 -0
281 -1
281 -2
281 -3
281 -4
281 -5
281 -6
281 -7
281 -8
281 -9
281 -10
281 -11
281 -12
281 -13
281 -14
281 -15
282 -0
282 -1
282 -2
282 -3
282 -4
282 -5
282 -6
282 -7
282 -8
282 -9
282 -10
282 -11
282 -12
282 -13
282 -14
282 -15
283 -0
283 -1
283 -2
283 -3
283 -4
283 -5
283 -6
283 -7
283 -8
283 -9
283 -10
283 -11
283 -12
283 -13
283 -14
283 -15
284 -0
284 -1
284 -2
284 -3
284 -4
284 -5
284 -6
284 -7
284 -8
284 -9
284 -10
284 -11
284 -12
284 -13
284 -14
284 -15
285 -0
285 -1
285 -2
285 -3
285 -4
285 -5
285 -6
285 -7
285 -8
285 -9
285 -10
285 -11
285 -12
285 -13
285 -14
285 -15
286 -0
286 -1
286 -2
286 -3
286 -4
286 -5
286 -6
286 -7
286 -8
286 -9
286 -10
286 -11
286 -12
286 -13
286 -14
286 -15
287 -0
287 -1
287 -2
287 -3
287 -4
287 -5
287 -6
287 -7
287 -8
287 -9
287 -10
287 -11
287 -12
287 -13
287 -14
287 -15
288 -0
288 -1
288 -2
288 -3
288 -4
288 -5
288 -6
288 -7
288 -8
288 -9
288 -10
288 -11
288 -12
288 -13
288 -14
288 -15
289 -0
289 -1
289 -2
289 -3
289 -4
289 -5
289 -6
289 -7
289 -8
289 -9
289 -10
289 -11
289 -12
289 -13
289 -14
289 -15
290 -0
290 -1
290 -2
290 -3
290 -4
290 -5
290 -6
290 -7
290 -8
290 -9
290 -10
290 -11
290 -12
290 -13
290 -14
290 -15
291 -0
291 -1
291 -2
291 -3
291 -4
291 -5
291 -6
291 -7
291 -8
291 -9
291 -10
291 -11
291 -12
291 -13
291 -14
291 -15
292 -0
292 -1
292 -2
292 -3
292 -4
292 -5
292 -6
292 -7
292 -8
292 -9
292 -10
292 -11
292 -12
292 -13
292 -14
292 -15
293 -0
293 -1
293 -2
293 -3
293 -4
293 -5
293 -6
293 -7
293 -8
293 -9
293 -10
293 -11
293 -12
293 -13
293 -14
293 -15
294 -0
294 -1
294 -2
294 -3
294 -4
294 -5
294 -6
294 -7
294 -8
294 -9
294 -10
294 -11
295 -0
295 -1
295 -2
295 -3
295 -4
295 -5
295 -6
295 -7
295 -8
295 -9
295 -10
295 -11
295 -12
295 -13
295 -14
295 -15
296 -0
296 -1
296 -2
296 -3
296 -4
296 -5
296 -6
296 -7
296 -8
296 -9
296 -10
296 -11
296 -12
296 -13
296 -14
296 -15
297 -0
297 -1
297 -2
297 -3
297 -4
297 -5
297 -6
297 -7
297 -8
297 -9
297 -10
297 -11
297 -12
297 -13
297 -14
297 -15
298 -0
298 -1
298 -2
298 -3
298 -4
298 -5
298 -6
298 -7
298 -8
298 -9
298 -10
298 -11
298 -12
298 -13
298 -14
298 -15
299 -0
299 -1
299 -2
299 -3
299 -4
299 -5
299 -6
299 -7
299 -8
299 -9
299 -10
299 -11
299 -12
299 -13
299 -14
299 -15
300 -0
300 -1
300 -2
300 -3
300 -4
300 -5
300 -6
300 -7
300 -8
300 -9
300 -10
300 -11
300 -12
300 -13
300 -14
300 -15
301 -0
301 -1
301 -2
301 -3
301 -4
301 -5
301 -6
301 -7
301 -8
301 -9
301 -10
301 -11
301 -12
301 -13
301 -14
301 -15
302 -0
302 -1
302 -2
302 -3
302 -4
302 -5
302 -6
302 -7
302 -8
302 -9
302 -10
302 -11
302 -12
302 -13
302 -14
302 -15
303 -0
303 -1
303 -2
303 -3
303 -4
303 -5
303 -6
303 -7
303 -8
303 -9
303 -10
303 -11
303 -12
303 -13
303 -14
303 -15
304 -0
304 -1
304 -2
304 -3
304 -4
304 -5
304 -6
304 -7
304 -8
304 -9
304 -10
304 -11
304 -12
304 -13
304 -14
304 -15
305 -0
305 -1
305 -2
305 -3
305 -4
305 -5
305 -6
305 -7
305 -8
305 -9
305 -10
305 -11
305 -12
305 -13
305 -14
305 -15
306 -0
306 -1
306 -2
306 -3
306 -4
306 -5
306 -6
306 -7
306 -8
306 -9
306 -10
306 -11
306 -12
306 -13
306 -14
306 -15
307 -0
307 -1
307 -2
307 -3
307 -4
307 -5
307 -6
307 -7
307 -8
307 -9
307 -10
307 -11
307 -12
307 -13
307 -14
307 -15
308 -0
308 -1
308 -2
308 -3
308 -4
308 -5
308 -6
308 -7
308 -8
308 -9
308 -10
308 -11
308 -12
308 -13
308 -14
308 -15
309 -0
309 -1
309 -2
309 -3
309 -4
309 -5
309 -6
309 -7
309 -8
309 -9
309 -10
309 -11
309 -12
309 -13
309 -14
309 -15
310 -0
310 -1
310 -2
310 -3
310 -4
310 -5
310 -6
310 -7
310 -8
310 -9
310 -10
310 -11
310 -12
310 -13
310 -14
310 -15
311 -0
311 -1
311 -2
311 -3
311 -4
311 -5
311 -6
311 -7
311 -8
311 -9
311 -10
311 -11
311 -12
311 -13
311 -14
311 -15
312 -0
312 -1
312 -2
312 -3
312 -4
312 -5
312 -6
312 -7
312 -8
312 -9
312 -10
312 -11
312 -12
312 -13
312 -14
312 -15
313 -0
313 -1
313 -2
313 -3
313 -4
313 -5
313 -6
313 -7
313 -8
313 -9
313 -10
313 -11
313 -12
313 -13
313 -14
313 -15
314 -0
314 -1
314 -2
314 -3
314 -4
314 -5
314 -6
314 -7
314 -8
314 -9
314 -10
314 -11
314 -12
314 -13
314 -14
314 -15
315 -0
315 -1
315 -2
315 -3
315 -4
315 -5
315 -6
315 -7
315 -8
315 -9
315 -10
315 -11
315 -12
315 -13
315 -14
315 -15
316 -0
316 -1
316 -2
316 -3
316 -4
316 -5
316 -6
316 -7
316 -8
316 -9
316 -10
316 -11
316 -12
316 -13
316 -14
316 -15
317 -0
317 -1
317 -2
317 -3
317 -4
317 -5
317 -6
317 -7
317 -8
317 -9
317 -10
317 -11
317 -12
317 -13
317 -14
317 -15
318 -0
318 -1
318 -2
318 -3
318 -4
318 -5
318 -6
318 -7
318 -8
318 -9
318 -10
318 -11
318 -12
318 -13
318 -14
318 -15
319 -0
319 -1
319 -2
319 -3
319 -4
319 -5
319 -6
319 -7
319 -8
319 -9
319 -10
319 -11
319 -12
319 -13
319 -14
319 -15
320 -0
320 -1
320 -2
320 -3
320 -4
320 -5
320 -6
320 -7
320 -8
320 -9
320 -10
320 -11
320 -12
320 -13
320 -14
320 -15
321 -0
321 -1
321 -2
321 -3
321 -4
321 -5
321 -6
321 -7
321 -8
321 -9
321 -10
321 -11
321 -12
321 -13
321 -14
321 -15
322 -0
322 -1
322 -2
322 -3
322 -4
322 -5
322 -6
322 -7
322 -8
322 -9
322 -10
322 -11
322 -12
322 -13
322 -14
322 -15
323 -0
323 -1
323 -2
323 -3
323 -4
323 -5
323 -6
323 -7
323 -8
323 -9
323 -10
323 -11
323 -12
323 -13
323 -14
323 -15
324 -0
324 -1
324 -2
324 -3
324 -4
324 -5
324 -6
324 -7
324 -8
324 -9
325 -0
325 -1
325 -2
325 -3
325 -4
325 -5
325 -6
325 -7
325 -8
325 -9
325 -10
325 -11
325 -12
325 -13
325 -14
325 -15
326 -0
326 -1
326 -2
326 -3
326 -4
326 -5
326 -6
326 -7
326 -8
326 -9
326 -10
326 -11
326 -12
326 -13
326 -14
326 -15
327 -0
327 -1
327 -2
327 -3
327 -4
327 -5
327 -6
327 -7
327 -8
327 -9
327 -10
327 -11
327 -12
327 -13
327 -14
327 -15
328 -0
328 -1
328 -2
328 -3
328 -4
328 -5
328 -6
328 -7
328 -8
328 -9
328 -10
328 -11
328 -12
328 -13
328 -14
328 -15
329 -0
329 -1
329 -2
329 -3
329 -4
329 -5
329 -6
329 -7
329 -8
329 -9
329 -10
329 -11
329 -12
329 -13
329 -14
329 -15
330 -0
330 -1
330 -2
330 -3
330 -4
330 -5
330 -6
330 -7
330 -8
330 -9
330 -10
330 -11
330 -12
330 -13
330 -14
330 -15
331 -0
331 -1
331 -2
331 -3
331 -4
331 -5
331 -6
331 -7
331 -8
331 -9
331 -10
331 -11
331 -12
331 -13
331 -14
331 -15
332 -0
332 -1
332 -2
332 -3
332 -4
332 -5
332 -6
332 -7
332 -8
332 -9
332 -10
332 -11
332 -12
332 -13
332 -14
332 -15
