91 -0
91 -1
91 -2
91 -3
91 -4
91 -5
91 -6
91 -7
91 -8
91 -9
92 -0
92 -1
92 -2
92 -3
92 -4
92 -5
92 -6
92 -7
92 -8
92 -9
93 -0
93 -1
93 -2
93 -3
93 -4
93 -5
93 -6
93 -7
93 -8
93 -9
94 -0
95 -0
96 -0
96 -1
96 -2
96 -3
96 -4
96 -5
96 -6
96 -7
96 -8
96 -9
97 -0
97 -1
97 -2
97 -3
97 -4
97 -5
97 -6
97 -7
97 -8
97 -9
98 -0
98 -1
98 -2
98 -3
98 -4
98 -5
98 -6
98 -7
98 -8
98 -9
99 -0
99 -1
99 -2
99 -3
99 -4
99 -5
99 -6
99 -7
99 -8
99 -9
100 -0
100 -1
100 -2
100 -3
100 -4
100 -5
100 -6
100 -7
100 -8
100 -9
101 -0
101 -1
101 -2
101 -3
101 -4
101 -5
101 -6
101 -7
102 -0
102 -1
102 -2
102 -3
102 -4
102 -5
102 -6
102 -7
102 -8
102 -9
103 -0
103 -1
103 -2
103 -3
103 -4
103 -5
103 -6
103 -7
103 -8
103 -9
104 -0
104 -1
104 -2
104 -3
104 -4
104 -5
104 -6
104 -7
104 -8
104 -9
105 -0
105 -1
105 -2
105 -3
105 -4
105 -5
105 -6
105 -7
105 -8
105 -9
106 -0
106 -1
106 -2
107 -0
107 -1
107 -2
107 -3
107 -4
107 -5
107 -6
107 -7
107 -8
107 -9
108 -0
108 -1
108 -2
108 -3
108 -4
108 -5
108 -6
108 -7
108 -8
108 -9
109 -0
109 -1
109 -2
109 -3
109 -4
109 -5
109 -6
109 -7
109 -8
109 -9
110 -0
111 -0
112 -0
112 -1
112 -2
112 -3
112 -4
112 -5
112 -6
112 -7
112 -8
112 -9
113 -0
113 -1
113 -2
113 -3
113 -4
113 -5
113 -6
113 -7
113 -8
113 -9
114 -0
114 -1
114 -2
115 -0
116 -0
117 -0
117 -1
117 -2
117 -3
117 -4
117 -5
117 -6
117 -7
117 -8
117 -9
118 -0
118 -1
118 -2
118 -3
118 -4
118 -5
118 -6
118 -7
118 -8
118 -9
119 -0
119 -1
119 -2
119 -3
119 -4
119 -5
119 -6
119 -7
119 -8
119 -9
120 -0
120 -1
120 -2
120 -3
120 -4
120 -5
120 -6
120 -7
120 -8
120 -9
121 -0
121 -1
121 -2
121 -3
121 -4
121 -5
121 -6
121 -7
121 -8
121 -9
122 -0
122 -1
122 -2
122 -3
122 -4
122 -5
122 -6
122 -7
122 -8
122 -9
123 -0
123 -1
123 -2
123 -3
123 -4
123 -5
123 -6
123 -7
123 -8
123 -9
124 -0
125 -0
125 -1
125 -2
125 -3
126 -0
126 -1
126 -2
126 -3
126 -4
126 -5
126 -6
126 -7
126 -8
126 -9
127 -0
127 -1
127 -2
127 -3
127 -4
127 -5
127 -6
127 -7
127 -8
127 -9
128 -0
128 -1
128 -2
128 -3
128 -4
128 -5
128 -6
128 -7
128 -8
128 -9
129 -0
130 -0
131 -0
131 -1
131 -2
131 -3
131 -4
131 -5
131 -6
131 -7
131 -8
131 -9
132 -0
132 -1
132 -2
132 -3
132 -4
132 -5
132 -6
132 -7
132 -8
132 -9
133 -0
134 -0
134 -1
134 -2
134 -3
134 -4
134 -5
134 -6
134 -7
134 -8
134 -9
135 -0
135 -1
135 -2
135 -3
135 -4
135 -5
135 -6
135 -7
135 -8
135 -9
136 -0
136 -1
136 -2
136 -3
136 -4
136 -5
136 -6
136 -7
136 -8
136 -9
137 -0
137 -1
137 -2
137 -3
137 -4
137 -5
137 -6
137 -7
137 -8
137 -9
138 -0
138 -1
138 -2
138 -3
138 -4
138 -5
138 -6
138 -7
138 -8
138 -9
139 -0
139 -1
139 -2
139 -3
139 -4
139 -5
139 -6
139 -7
139 -8
139 -9
140 -0
140 -1
140 -2
140 -3
140 -4
140 -5
140 -6
140 -7
140 -8
140 -9
141 -0
141 -1
142 -0
143 -0
143 -1
143 -2
143 -3
143 -4
143 -5
143 -6
143 -7
143 -8
143 -9
144 -0
144 -1
144 -2
144 -3
144 -4
144 -5
144 -6
144 -7
144 -8
144 -9
145 -0
146 -0
146 -1
146 -2
146 -3
147 -0
148 -0
148 -1
148 -2
148 -3
148 -4
149 -0
149 -1
149 -2
149 -3
149 -4
149 -5
149 -6
149 -7
149 -8
149 -9
150 -0
150 -1
150 -2
150 -3
150 -4
150 -5
150 -6
150 -7
151 -0
152 -0
152 -1
152 -2
152 -3
152 -4
152 -5
152 -6
152 -7
152 -8
152 -9
153 -0
153 -1
154 -0
154 -1
155 -0
156 -0
156 -1
156 -2
156 -3
157 -0
157 -1
157 -2
158 -0
158 -1
159 -0
160 -0
160 -1
160 -2
160 -3
160 -4
160 -5
160 -6
160 -7
161 -0
162 -0
162 -1
162 -2
162 -3
162 -4
162 -5
162 -6
162 -7
162 -8
162 -9
163 -0
164 -0
165 -0
165 -1
165 -2
165 -3
165 -4
165 -5
165 -6
165 -7
165 -8
165 -9
166 -0
166 -1
166 -2
166 -3
166 -4
166 -5
166 -6
166 -7
166 -8
166 -9
167 -0
167 -1
167 -2
167 -3
167 -4
167 -5
167 -6
167 -7
167 -8
167 -9
168 -0
168 -1
168 -2
168 -3
168 -4
168 -5
168 -6
168 -7
168 -8
168 -9
169 -0
169 -1
169 -2
169 -3
169 -4
169 -5
169 -6
169 -7
169 -8
169 -9
170 -0
170 -1
170 -2
170 -3
170 -4
170 -5
170 -6
170 -7
170 -8
170 -9
171 -0
171 -1
171 -2
171 -3
171 -4
171 -5
171 -6
171 -7
171 -8
171 -9
172 -0
172 -1
172 -2
172 -3
172 -4
172 -5
172 -6
172 -7
172 -8
172 -9
173 -0
173 -1
173 -2
173 -3
173 -4
173 -5
173 -6
173 -7
173 -8
173 -9
174 -0
175 -0
175 -1
175 -2
175 -3
175 -4
176 -0
176 -1
176 -2
176 -3
176 -4
176 -5
176 -6
176 -7
176 -8
176 -9
177 -0
177 -1
177 -2
177 -3
177 -4
177 -5
177 -6
177 -7
177 -8
177 -9
178 -0
179 -0
180 -0
181 -0
182 -0
182 -1
182 -2
182 -3
182 -4
182 -5
182 -6
182 -7
182 -8
182 -9
183 -0
183 -1
183 -2
183 -3
183 -4
183 -5
183 -6
183 -7
183 -8
183 -9
184 -0
184 -1
184 -2
184 -3
184 -4
184 -5
184 -6
184 -7
184 -8
184 -9
185 -0
185 -1
185 -2
185 -3
185 -4
186 -0
186 -1
186 -2
186 -3
186 -4
186 -5
186 -6
186 -7
186 -8
186 -9
187 -0
187 -1
188 -0
188 -1
188 -2
188 -3
188 -4
188 -5
188 -6
188 -7
188 -8
188 -9
189 -0
189 -1
189 -2
189 -3
189 -4
189 -5
189 -6
189 -7
189 -8
189 -9
190 -0
191 -0
191 -1
191 -2
191 -3
191 -4
191 -5
191 -6
191 -7
191 -8
191 -9
192 -0
193 -0
193 -1
193 -2
193 -3
193 -4
194 -0
194 -1
195 -0
196 -0
197 -0
198 -0
199 -0
200 -0
201 -0
201 -1
201 -2
201 -3
201 -4
201 -5
202 -0
203 -0
203 -1
203 -2
203 -3
203 -4
203 -5
203 -6
204 -0
205 -0
205 -1
205 -2
205 -3
205 -4
205 -5
205 -6
205 -7
205 -8
205 -9
206 -0
207 -0
207 -1
207 -2
207 -3
207 -4
207 -5
207 -6
207 -7
207 -8
207 -9
208 -0
208 -1
208 -2
208 -3
208 -4
208 -5
208 -6
208 -7
208 -8
208 -9
209 -0
210 -0
210 -1
211 -0
211 -1
211 -2
211 -3
211 -4
211 -5
211 -6
211 -7
211 -8
211 -9
212 -0
213 -0
213 -1
214 -0
214 -1
214 -2
214 -3
214 -4
214 -5
214 -6
214 -7
214 -8
214 -9
215 -0
215 -1
215 -2
215 -3
215 -4
215 -5
216 -0
216 -1
216 -2
217 -0
217 -1
217 -2
217 -3
217 -4
217 -5
217 -6
217 -7
217 -8
217 -9
218 -0
219 -0
219 -1
219 -2
219 -3
219 -4
219 -5
219 -6
219 -7
219 -8
219 -9
220 -0
221 -0
221 -1
221 -2
222 -0
222 -1
222 -2
222 -3
222 -4
222 -5
222 -6
222 -7
222 -8
222 -9
223 -0
223 -1
223 -2
223 -3
223 -4
223 -5
223 -6
223 -7
223 -8
223 -9
224 -0
225 -0
225 -1
225 -2
225 -3
225 -4
225 -5
225 -6
225 -7
225 -8
225 -9
226 -0
226 -1
226 -2
226 -3
226 -4
226 -5
226 -6
226 -7
226 -8
226 -9
227 -0
227 -1
227 -2
227 -3
227 -4
227 -5
227 -6
227 -7
227 -8
227 -9
228 -0
228 -1
228 -2
228 -3
228 -4
228 -5
228 -6
228 -7
228 -8
228 -9
229 -0
229 -1
229 -2
229 -3
229 -4
229 -5
229 -6
229 -7
229 -8
229 -9
230 -0
230 -1
231 -0
231 -1
231 -2
231 -3
231 -4
231 -5
231 -6
231 -7
231 -8
231 -9
232 -0
232 -1
232 -2
232 -3
232 -4
232 -5
232 -6
232 -7
232 -8
232 -9
233 -0
233 -1
233 -2
233 -3
233 -4
233 -5
234 -0
234 -1
234 -2
234 -3
234 -4
234 -5
234 -6
234 -7
234 -8
234 -9
235 -0
236 -0
236 -1
236 -2
236 -3
236 -4
236 -5
237 -0
237 -1
237 -2
237 -3
237 -4
237 -5
237 -6
237 -7
237 -8
237 -9
238 -0
238 -1
238 -2
238 -3
238 -4
238 -5
238 -6
238 -7
238 -8
238 -9
239 -0
239 -1
239 -2
239 -3
239 -4
239 -5
239 -6
239 -7
239 -8
239 -9
240 -0
240 -1
240 -2
240 -3
240 -4
240 -5
240 -6
240 -7
240 -8
240 -9
241 -0
241 -1
241 -2
241 -3
241 -4
241 -5
241 -6
241 -7
241 -8
241 -9
242 -0
242 -1
243 -0
244 -0
244 -1
244 -2
244 -3
244 -4
244 -5
244 -6
244 -7
244 -8
244 -9
245 -0
245 -1
245 -2
245 -3
245 -4
245 -5
245 -6
245 -7
245 -8
245 -9
246 -0
246 -1
246 -2
246 -3
246 -4
246 -5
246 -6
246 -7
246 -8
246 -9
247 -0
247 -1
247 -2
247 -3
247 -4
247 -5
247 -6
247 -7
247 -8
247 -9
248 -0
248 -1
248 -2
248 -3
248 -4
248 -5
248 -6
248 -7
248 -8
248 -9
249 -0
249 -1
249 -2
249 -3
249 -4
249 -5
249 -6
249 -7
249 -8
249 -9
250 -0
251 -0
251 -1
251 -2
251 -3
251 -4
251 -5
251 -6
251 -7
251 -8
251 -9
252 -0
252 -1
252 -2
252 -3
252 -4
252 -5
252 -6
252 -7
252 -8
252 -9
253 -0
253 -1
253 -2
253 -3
253 -4
253 -5
253 -6
253 -7
253 -8
253 -9
254 -0
254 -1
254 -2
254 -3
254 -4
254 -5
254 -6
254 -7
254 -8
254 -9
255 -0
255 -1
255 -2
255 -3
255 -4
