255 -0
255 -1
255 -2
255 -3
255 -4
255 -5
255 -6
255 -7
255 -8
255 -9
256 -0
257 -0
258 -0
259 -0
259 -1
259 -2
260 -0
261 -0
262 -0
262 -1
262 -2
262 -3
262 -4
262 -5
262 -6
262 -7
262 -8
262 -9
263 -0
263 -1
263 -2
263 -3
263 -4
263 -5
263 -6
263 -7
263 -8
263 -9
264 -0
264 -1
264 -2
264 -3
264 -4
264 -5
264 -6
264 -7
264 -8
264 -9
265 -0
265 -1
265 -2
266 -0
266 -1
266 -2
266 -3
266 -4
266 -5
266 -6
266 -7
267 -0
267 -1
267 -2
267 -3
267 -4
267 -5
267 -6
267 -7
267 -8
267 -9
268 -0
268 -1
268 -2
268 -3
268 -4
268 -5
268 -6
268 -7
268 -8
268 -9
269 -0
269 -1
269 -2
270 -0
270 -1
270 -2
270 -3
270 -4
270 -5
270 -6
270 -7
270 -8
270 -9
271 -0
271 -1
271 -2
271 -3
271 -4
271 -5
271 -6
271 -7
271 -8
271 -9
272 -0
272 -1
272 -2
272 -3
272 -4
272 -5
272 -6
272 -7
272 -8
272 -9
273 -0
273 -1
273 -2
273 -3
273 -4
273 -5
273 -6
273 -7
273 -8
273 -9
274 -0
275 -0
275 -1
275 -2
275 -3
275 -4
275 -5
276 -0
276 -1
276 -2
276 -3
276 -4
276 -5
276 -6
276 -7
276 -8
276 -9
277 -0
278 -0
279 -0
279 -1
279 -2
279 -3
279 -4
279 -5
279 -6
279 -7
279 -8
279 -9
280 -0
281 -0
281 -1
281 -2
281 -3
281 -4
282 -0
282 -1
282 -2
282 -3
283 -0
283 -1
283 -2
283 -3
283 -4
283 -5
283 -6
283 -7
283 -8
283 -9
284 -0
284 -1
285 -0
285 -1
285 -2
285 -3
285 -4
285 -5
285 -6
285 -7
286 -0
287 -0
287 -1
287 -2
287 -3
287 -4
287 -5
287 -6
287 -7
287 -8
287 -9
288 -0
288 -1
288 -2
289 -0
289 -1
289 -2
289 -3
289 -4
289 -5
289 -6
289 -7
289 -8
289 -9
290 -0
290 -1
290 -2
291 -0
291 -1
291 -2
291 -3
291 -4
291 -5
292 -0
292 -1
292 -2
292 -3
292 -4
292 -5
292 -6
292 -7
292 -8
293 -0
293 -1
293 -2
293 -3
293 -4
293 -5
293 -6
293 -7
293 -8
293 -9
294 -0
295 -0
296 -0
296 -1
296 -2
297 -0
298 -0
298 -1
298 -2
298 -3
298 -4
298 -5
298 -6
298 -7
298 -8
298 -9
299 -0
299 -1
299 -2
299 -3
299 -4
299 -5
299 -6
299 -7
299 -8
299 -9
300 -0
300 -1
300 -2
300 -3
300 -4
301 -0
301 -1
301 -2
301 -3
302 -0
303 -0
303 -1
303 -2
303 -3
303 -4
303 -5
303 -6
303 -7
303 -8
303 -9
304 -0
305 -0
306 -0
306 -1
306 -2
306 -3
306 -4
306 -5
306 -6
306 -7
306 -8
306 -9
307 -0
308 -0
308 -1
308 -2
308 -3
308 -4
308 -5
308 -6
308 -7
308 -8
308 -9
309 -0
310 -0
311 -0
311 -1
312 -0
313 -0
313 -1
313 -2
313 -3
313 -4
313 -5
313 -6
313 -7
313 -8
313 -9
